0.124216 1
0.124216 0
0.134216 1
0.134216 0
0.144216 1
0.144216 0
0.154216 1
0.154216 0
0.164216 1
0.164216 0
0.174216 1
0.174216 0
0.184216 1
0.184216 0
0.194216 1
0.194216 0
0.204216 1
0.204216 0
0.214216 1
0.214216 0
0.224216 1
0.224216 0
0.234216 1
0.234216 0
0.244216 1
0.244216 0
0.254216 1
0.254216 0
0.264216 1
0.264216 0
0.274216 1
0.274216 0
0.284216 1
0.284216 0
0.294216 1
0.294216 0
0.304216 1
0.304216 0
0.314216 1
0.314216 0
0.324216 1
0.324216 0
0.334216 1
0.334216 0
0.344216 1
0.344216 0
0.354216 1
0.354216 0
0.364216 1
0.364216 0
0.374216 1
0.374216 0
0.384216 1
0.384216 0
0.394216 1
0.394216 0
0.404216 1
0.404216 0
0.414216 1
0.414216 0
0.424216 1
0.424216 0
0.434216 1
0.434216 0
0.444216 1
0.444216 0
0.454216 1
0.454216 0
0.464216 1
0.464216 0
0.474216 1
0.474216 0
0.484216 1
0.484216 0
0.494216 1
0.494216 0
0.504216 1
0.504216 0
0.510232 1
0.510232 0
0.514216 1
0.514216 0
0.524216 1
0.524216 0
0.534216 1
0.534216 0
0.544216 1
0.544216 0
0.554216 1
0.554216 0
0.564216 1
0.564216 0
0.571226 1
0.571226 0
0.573586 1
0.573586 0
0.574216 1
0.575946 2
0.576362 1
0.578306 2
0.580666 3
0.581322 2
0.583026 3
0.584099 2
0.584216 3
0.585386 4
0.586875 3
0.587746 4
0.589652 3
0.590106 4
0.592428 3
0.592466 4
0.594216 5
0.594826 6
0.597388 5
0.600165 4
0.602941 3
0.604216 4
0.605718 3
0.608494 2
0.613454 1
0.614216 2
0.616231 1
0.621191 0
0.624216 1
0.626151 0
0.634216 1
0.634216 0
0.639192 1
0.639192 0
0.641552 1
0.641969 0
0.644216 1
0.644745 0
0.649705 1
0.649705 0
0.652065 1
0.652482 0
0.654216 1
0.654425 2
0.655258 1
0.656785 2
0.659145 3
0.660218 2
0.661505 3
0.662995 2
0.663865 3
0.664216 4
0.665771 3
0.666225 4
0.668548 3
0.668585 4
0.670945 5
0.671324 4
0.673305 5
0.674101 4
0.674216 5
0.675665 6
0.678025 7
0.679061 6
0.680385 7
0.681837 6
0.682745 7
0.684216 8
0.684614 7
0.685105 8
0.68739 7
0.690167 6
0.694216 7
0.695127 6
0.697903 5
0.70068 4
0.703456 3
0.704216 4
0.704799 5
0.706232 4
0.707159 5
0.709519 6
0.711192 5
0.711879 6
0.713969 5
0.714216 6
0.715312 7
0.717672 8
0.718929 7
0.720032 8
0.722392 9
0.723889 8
0.724216 9
0.725825 10
0.726665 9
0.728185 10
0.729442 9
0.730545 10
0.732218 9
0.732905 10
0.734995 9
0.734995 10
0.739955 9
0.739955 10
0.742731 9
0.742731 10
0.745508 9
0.745508 10
0.748284 9
0.748284 10
0.751061 9
0.751061 10
0.756021 9
0.756021 10
0.758797 9
0.758797 10
0.761574 9
0.761574 10
0.76435 9
0.76435 10
0.767127 9
0.767127 10
0.772087 9
0.772087 10
0.774863 9
0.774863 10
0.77764 9
0.77764 10
0.7826 9
0.7826 10
0.785376 9
0.785376 10
0.788152 9
0.788152 10
0.790929 9
0.790929 10
0.795889 9
0.795889 10
0.798665 9
0.798665 10
0.801442 9
0.801442 10
0.806402 9
0.806402 10
0.809178 9
0.809178 10
0.814138 9
0.814138 10
0.816915 9
0.816915 10
0.819691 9
0.819691 10
0.824651 9
0.824651 10
0.827428 9
0.827428 10
0.830204 9
0.830204 10
0.835164 9
0.835164 10
0.837941 9
0.837941 10
0.840717 9
0.840717 10
0.843494 9
0.843494 10
0.848454 9
0.848454 10
0.85123 9
0.85123 10
0.85619 9
0.85619 10
0.858967 9
0.858967 10
0.863927 9
0.863927 10
0.866703 9
0.866703 10
0.86948 9
0.86948 10
0.872256 9
0.872256 10
0.877216 9
0.877216 10
0.879992 9
0.879992 10
0.882769 9
0.882769 10
0.887729 9
0.887729 10
0.890505 9
0.890505 10
0.895465 9
0.895465 10
0.898242 9
0.898242 10
0.901018 9
0.901018 10
0.905978 9
0.905978 10
0.908755 9
0.908755 10
0.911531 9
0.911531 10
0.914308 9
0.914308 10
0.919268 9
0.919268 10
0.922044 9
0.922044 10
0.924821 9
0.924821 10
0.929781 9
0.929781 10
0.934741 9
0.934741 10
0.937517 9
0.937517 10
0.940294 9
0.940294 10
0.94307 9
0.94307 10
0.94803 9
0.94803 10
0.950807 9
0.950807 10
0.953583 9
0.953583 10
0.958543 9
0.958543 10
0.96132 9
0.96132 10
0.96628 9
0.96628 10
0.969056 9
0.969056 10
0.971832 9
0.971832 10
0.976792 9
0.976792 10
0.979569 9
0.979569 10
0.982345 9
0.982345 10
0.987305 9
0.987305 10
0.990082 9
0.990082 10
0.992858 9
0.992858 10
0.995635 9
0.995635 10
1.00059 9
1.00059 10
1.00555 9
1.00555 10
1.00833 9
1.00833 10
1.01111 9
1.01111 10
1.01607 9
1.01607 10
1.01884 9
1.01884 10
1.02162 9
1.02162 10
1.0244 9
1.0244 10
1.02936 9
1.02936 10
1.03213 9
1.03213 10
1.03709 9
1.03709 10
1.03987 9
1.03987 10
1.04265 9
1.04265 10
1.04761 9
1.04761 10
1.05038 9
1.05038 10
1.05316 9
1.05316 10
1.05812 9
1.05812 10
1.0609 9
1.0609 10
1.06367 9
1.06367 10
1.06645 9
1.06645 10
1.07141 9
1.07141 10
1.07637 9
1.07637 10
1.07915 9
1.07915 10
1.08192 9
1.08192 10
1.08688 9
1.08688 10
1.08966 9
1.08966 10
1.09243 9
1.09243 10
1.09521 9
1.09521 10
1.10017 9
1.10017 10
1.10295 9
1.10295 10
1.10791 9
1.10791 10
1.11068 9
1.11068 10
1.11564 9
1.11564 10
1.11842 9
1.11842 10
1.1212 9
1.1212 10
1.12397 9
1.12397 10
1.12893 9
1.12893 10
1.13171 9
1.13171 10
1.13449 9
1.13449 10
1.13945 9
1.13945 10
1.14222 9
1.14222 10
1.14718 9
1.14718 10
1.14996 9
1.14996 10
1.15274 9
1.15274 10
1.1577 9
1.1577 10
1.16047 9
1.16047 10
1.16325 9
1.16325 10
1.16821 9
1.16821 10
1.17099 9
1.17099 10
1.17376 9
1.17376 10
1.17654 9
1.17654 10
1.1815 9
1.1815 10
1.18646 9
1.18646 10
1.18923 9
1.18923 10
1.19201 9
1.19201 10
1.19479 9
1.19479 10
1.19975 9
1.19975 10
1.20252 9
1.20252 10
1.2053 9
1.2053 10
1.21026 9
1.21026 10
1.21304 9
1.21304 10
1.218 9
1.218 10
1.22077 9
1.22077 10
1.22355 9
1.22355 10
1.22851 9
1.22851 10
1.23129 9
1.23129 10
1.23406 9
1.23406 10
1.23902 9
1.23902 10
1.2418 9
1.2418 10
1.24458 9
1.24458 10
1.24735 9
1.24735 10
1.25231 9
1.25231 10
1.25727 9
1.25727 10
1.26005 9
1.26005 10
1.26283 9
1.26283 10
1.26779 9
1.26779 10
1.27056 9
1.27056 10
1.27334 9
1.27334 10
1.27611 9
1.27611 10
1.28107 9
1.28107 10
1.28603 9
1.28603 10
1.28881 9
1.28881 10
1.29159 9
1.29159 10
1.29655 9
1.29655 10
1.29932 9
1.29932 10
1.3021 9
1.3021 10
1.30488 9
1.30488 10
1.30984 9
1.30984 10
1.31261 9
1.31261 10
1.31539 9
1.31539 10
1.31817 9
1.31817 10
1.32313 9
1.32313 10
1.32809 9
1.32809 10
1.33086 9
1.33086 10
1.33364 9
1.33364 10
1.3386 9
1.3386 10
1.34138 9
1.34138 10
1.34415 9
1.34415 10
1.34693 9
1.34693 10
1.35189 9
1.35189 10
1.35685 9
1.35685 10
1.35963 9
1.35963 10
1.3624 9
1.3624 10
1.36736 9
1.36736 10
1.37014 9
1.37014 10
1.37291 9
1.37291 10
1.37569 9
1.37569 10
1.38065 9
1.38065 10
1.38343 9
1.38343 10
1.38839 9
1.38839 10
1.39116 9
1.39116 10
1.39612 9
1.39612 10
1.3989 9
1.3989 10
1.40168 9
1.40168 10
1.40445 9
1.40445 10
1.40941 9
1.40941 10
1.41219 9
1.41219 10
1.41497 9
1.41497 10
1.41993 9
1.41993 10
1.4227 9
1.4227 10
1.42766 9
1.42766 10
1.43044 9
1.43044 10
1.43322 9
1.43322 10
1.43818 9
1.43818 10
1.44095 9
1.44095 10
1.44373 9
1.44373 10
1.44869 9
1.44869 10
1.45147 9
1.45147 10
1.45424 9
1.45424 10
1.45702 9
1.45702 10
1.46198 9
1.46198 10
1.46694 9
1.46694 10
1.46971 9
1.46971 10
1.47249 9
1.47249 10
1.47527 9
1.47527 10
1.48023 9
1.48023 10
1.483 9
1.483 10
1.48578 9
1.48578 10
1.49074 9
1.49074 10
1.4957 9
1.4957 10
1.49848 9
1.49848 10
1.50125 9
1.50125 10
1.50403 9
1.50403 10
1.50899 9
1.50899 10
1.51177 9
1.51177 10
1.51454 9
1.51454 10
1.5195 9
1.5195 10
1.52228 9
1.52228 10
1.52506 9
1.52506 10
1.52783 9
1.52783 10
1.53279 9
1.53279 10
1.53775 9
1.53775 10
1.54053 9
1.54053 10
1.54331 9
1.54331 10
1.54827 9
1.54827 10
1.55104 9
1.55104 10
1.55382 9
1.55382 10
1.55659 9
1.55659 10
1.56155 9
1.56155 10
1.56651 9
1.56651 10
1.56929 9
1.56929 10
1.57207 9
1.57207 10
1.57703 9
1.57703 10
1.5798 9
1.5798 10
1.58258 9
1.58258 10
1.58536 9
1.58536 10
1.59032 9
1.59032 10
1.59309 9
1.59309 10
1.59805 9
1.59805 10
1.60083 9
1.60083 10
1.60361 9
1.60361 10
1.60857 9
1.60857 10
1.61134 9
1.61134 10
1.61412 9
1.61412 10
1.61908 9
1.61908 10
1.62186 9
1.62186 10
1.62463 9
1.62463 10
1.62741 9
1.62741 10
1.63237 9
1.63237 10
1.63733 9
1.63733 10
1.64011 9
1.64011 10
1.64288 9
1.64288 10
1.64784 9
1.64784 10
1.65062 9
1.65062 10
1.65339 9
1.65339 10
1.65617 9
1.65617 10
1.66113 9
1.66113 10
1.66609 9
1.66609 10
1.66887 9
1.66887 10
1.67164 9
1.67164 10
1.6766 9
1.6766 10
1.67938 9
1.67938 10
1.68216 9
1.68216 10
1.68493 9
1.68493 10
1.68989 9
1.68989 10
1.69267 9
1.69267 10
1.69545 9
1.69545 10
1.70041 9
1.70041 10
1.70537 9
1.70537 10
1.70814 9
1.70814 10
1.71092 9
1.71092 10
1.7137 9
1.7137 10
1.71866 9
1.71866 10
1.72143 9
1.72143 10
1.72421 9
1.72421 10
1.72699 9
1.72699 10
1.73195 9
1.73195 10
1.73691 9
1.73691 10
1.73968 9
1.73968 10
1.74246 9
1.74246 10
1.74742 9
1.74742 10
1.75019 9
1.75019 10
1.75297 9
1.75297 10
1.75575 9
1.75575 10
1.76071 9
1.76071 10
1.76348 9
1.76348 10
1.76844 9
1.76844 10
1.77122 9
1.77122 10
1.77618 9
1.77618 10
1.77896 9
1.77896 10
1.78173 9
1.78173 10
1.78451 9
1.78451 10
1.78947 9
1.78947 10
1.79225 9
1.79225 10
1.79502 9
1.79502 10
1.79998 9
1.79998 10
1.80276 9
1.80276 10
1.80772 9
1.80772 10
1.8105 9
1.8105 10
1.81327 9
1.81327 10
1.81823 9
1.81823 10
1.82101 9
1.82101 10
1.82379 9
1.82379 10
1.82875 9
1.82875 10
1.83152 9
1.83152 10
1.8343 9
1.8343 10
1.83707 9
1.83707 10
1.84203 9
1.84203 10
1.84699 9
1.84699 10
1.84977 9
1.84977 10
1.85255 9
1.85255 10
1.85751 9
1.85751 10
1.86028 9
1.86028 10
1.86306 9
1.86306 10
1.86584 9
1.86584 10
1.8708 9
1.8708 10
1.87576 9
1.87576 10
1.87853 9
1.87853 10
1.88131 9
1.88131 10
1.88409 9
1.88409 10
1.88905 9
1.88905 10
1.89182 9
1.89182 10
1.8946 9
1.8946 10
1.89956 9
1.89956 10
1.90234 9
1.90234 10
1.90511 9
1.90511 10
1.90789 9
1.90789 10
1.91285 9
1.91285 10
1.91781 9
1.91781 10
1.92059 9
1.92059 10
1.92336 9
1.92336 10
1.92832 9
1.92832 10
1.9311 9
1.9311 10
1.93387 9
1.93387 10
1.93665 9
1.93665 10
1.94161 9
1.94161 10
1.94657 9
1.94657 10
1.94935 9
1.94935 10
1.95212 9
1.95212 10
1.95708 9
1.95708 10
1.95986 9
1.95986 10
1.96264 9
1.96264 10
1.96541 9
1.96541 10
1.97037 9
1.97037 10
1.97315 9
1.97315 10
1.97811 9
1.97811 10
1.98089 9
1.98089 10
1.98585 9
1.98585 10
1.98862 9
1.98862 10
1.9914 9
1.9914 10
1.99418 9
1.99418 10
1.99914 9
1.99914 10
2.00191 9
2.00191 10
2.00469 9
2.00469 10
2.00747 9
2.00747 10
2.01243 9
2.01243 10
2.01739 9
2.01739 10
2.02016 9
2.02016 10
2.02294 9
2.02294 10
2.0279 9
2.0279 10
2.03067 9
2.03067 10
2.03345 9
2.03345 10
2.03623 9
2.03623 10
2.04119 9
2.04119 10
2.04615 9
2.04615 10
2.04892 9
2.04892 10
2.0517 9
2.0517 10
2.05666 9
2.05666 10
2.05944 9
2.05944 10
2.06221 9
2.06221 10
2.06499 9
2.06499 10
2.06995 9
2.06995 10
2.07273 9
2.07273 10
2.0755 9
2.0755 10
2.08046 9
2.08046 10
2.08542 9
2.08542 10
2.0882 9
2.0882 10
2.09098 9
2.09098 10
2.09375 9
2.09375 10
2.09871 9
2.09871 10
2.10149 9
2.10149 10
2.10427 9
2.10427 10
2.10923 9
2.10923 10
2.112 9
2.112 10
2.11696 9
2.11696 10
2.11974 9
2.11974 10
2.12251 9
2.12251 10
2.12747 9
2.12747 10
2.13025 9
2.13025 10
2.13303 9
2.13303 10
2.13799 9
2.13799 10
2.14076 9
2.14076 10
2.14354 9
2.14354 10
2.14632 9
2.14632 10
2.15128 9
2.15128 10
2.15624 9
2.15624 10
2.15901 9
2.15901 10
2.16179 9
2.16179 10
2.16457 9
2.16457 10
2.16953 9
2.16953 10
2.1723 9
2.1723 10
2.17508 9
2.17508 10
2.18004 9
2.18278 10
2.18282 9
2.18422 10
2.18778 9
2.18778 10
2.19055 9
2.19329 10
2.19333 9
2.19422 10
2.19829 9
2.20107 8
2.2038 9
2.20384 8
2.20422 9
2.20658 10
2.2088 9
2.21158 8
2.21422 9
2.21654 8
2.21931 7
2.22205 8
2.22422 9
2.22427 8
2.22483 9
2.22705 8
2.22761 9
2.22983 8
2.23422 9
2.23479 8
2.23756 7
2.23812 8
2.24252 7
2.24422 8
2.2453 7
2.24586 8
2.25026 7
2.25304 6
2.25422 7
2.25637 8
2.258 7
2.26077 6
2.26355 5
2.2641 6
2.26422 7
2.26688 8
2.26851 7
2.27129 6
2.27422 7
2.27625 6
2.27902 5
2.28235 6
2.28398 5
2.28422 6
2.28676 5
2.28954 4
2.29009 5
2.29287 6
2.29422 7
2.2945 6
2.29727 5
2.30223 4
2.30422 5
2.30501 4
2.30834 5
2.30997 4
2.31275 3
2.31422 4
2.31552 3
2.31608 4
2.32048 3
2.32422 4
2.32544 3
2.32659 4
2.32822 3
2.33318 2
2.33422 3
2.33433 4
2.33595 3
2.34091 2
2.34206 3
2.34369 2
2.34422 3
2.34865 2
2.35143 1
2.35258 2
2.3542 1
2.35422 2
2.35916 1
2.36031 2
2.36194 1
2.36422 2
2.3669 1
2.36968 0
2.37422 1
2.37464 0
2.37578 1
2.37856 2
2.3796 1
2.38237 0
2.38422 1
2.38515 0
2.39126 1
2.39126 0
2.39422 1
2.39422 0
2.40422 1
2.40422 0
2.40673 1
2.40918 0
2.41422 1
2.41422 0
2.41447 1
2.41918 0
2.42422 1
2.42422 0
2.42498 1
2.42918 0
2.43272 1
2.43272 0
2.43422 1
2.43549 0
2.44422 1
2.44422 0
2.44541 1
2.44918 0
2.45422 1
2.45422 0
2.46422 1
2.46422 0
2.47422 1
2.47422 0
2.47499 1
2.47918 0
2.48422 1
2.48422 0
2.48499 1
2.48918 0
2.49422 1
2.49422 0
2.49499 1
2.49853 2
2.49918 1
2.50195 0
2.50422 1
2.50473 0
2.51422 1
2.51422 0
2.51499 1
2.51918 0
2.52422 1
2.52422 0
2.53422 1
2.53422 0
2.54422 1
2.54422 0
2.54499 1
2.54918 0
2.55422 1
2.55422 0
2.55499 1
2.55918 0
2.56422 1
2.56422 0
2.56499 1
2.56777 2
2.56918 1
2.57195 0
2.57422 1
2.57473 0
2.58422 1
2.58422 0
2.58499 1
2.58918 0
2.59422 1
2.59422 0
2.60422 1
2.60422 0
2.61422 1
2.61422 0
2.61499 1
2.61918 0
2.62422 1
2.62422 0
2.62499 1
2.62918 0
2.63422 1
2.63422 0
2.63499 1
2.63777 2
2.63918 1
2.64195 0
2.64422 1
2.64473 0
2.65422 1
2.65422 0
2.65499 1
2.65918 0
2.66422 1
2.66422 0
2.67422 1
2.67422 0
2.68422 1
2.68422 0
2.68499 1
2.68918 0
2.69422 1
2.69422 0
2.69499 1
2.69918 0
2.70422 1
2.70422 0
2.70499 1
2.70777 2
2.70918 1
2.71195 0
2.71422 1
2.71473 0
2.72422 1
2.72422 0
2.72499 1
2.72918 0
2.73422 1
2.73422 0
2.74422 1
2.74422 0
2.75422 1
2.75422 0
2.75499 1
2.75918 0
2.76422 1
2.76422 0
2.76499 1
2.76918 0
2.77422 1
2.77422 0
2.77499 1
2.77777 2
2.77918 1
2.78195 0
2.78422 1
2.78473 0
2.79422 1
2.79422 0
2.79499 1
2.79918 0
2.80422 1
2.80422 0
2.81422 1
2.81422 0
2.82422 1
2.82422 0
2.82499 1
2.82918 0
2.83422 1
2.83422 0
2.83499 1
2.83918 0
2.84422 1
2.84422 0
2.84499 1
2.84777 2
2.84918 1
2.85195 0
2.85422 1
2.85473 0
2.86422 1
2.86422 0
2.86499 1
2.86918 0
2.87422 1
2.87422 0
2.88422 1
2.88422 0
2.89422 1
2.89422 0
2.89499 1
2.89918 0
2.90422 1
2.90422 0
2.90499 1
2.90918 0
2.91422 1
2.91422 0
2.91499 1
2.91777 2
2.91918 1
2.92195 0
2.92422 1
2.92473 0
2.93422 1
2.93422 0
2.93499 1
2.93918 0
2.94422 1
2.94422 0
2.95422 1
2.95422 0
2.96422 1
2.96422 0
2.96499 1
2.96918 0
2.97422 1
2.97422 0
2.97499 1
2.97918 0
2.98422 1
2.98422 0
2.98499 1
2.98777 2
2.98918 1
2.99195 0
2.99422 1
2.99473 0
3.00422 1
3.00422 0
3.00499 1
3.00918 0
3.01422 1
3.01422 0
3.02422 1
3.02422 0
3.02845 1
3.02918 0
3.03422 1
3.03422 0
3.04422 1
3.04422 0
3.05422 1
3.05422 0
3.06422 1
3.06422 0
3.07422 1
3.07422 0
3.08422 1
3.08422 0
3.09422 1
3.09422 0
3.09499 1
3.09735 2
3.09918 1
3.10195 0
3.10422 1
3.10473 0
3.11422 1
3.11422 0
3.12422 1
3.12422 0
3.13422 1
3.13422 0
3.14422 1
3.14422 0
3.15422 1
3.15422 0
3.16422 1
3.16422 0
3.16499 1
3.16735 2
3.16918 1
3.16971 2
3.17195 1
3.17207 2
3.17422 3
3.17473 2
3.17751 1
3.18028 0
3.18422 1
3.18524 0
3.19422 1
3.19422 0
3.20422 1
3.20422 0
3.21422 1
3.21422 0
3.22422 1
3.22422 0
3.23422 1
3.23422 0
3.23499 1
3.23735 2
3.23918 1
3.23971 2
3.24195 1
3.24207 2
3.24422 3
3.24443 4
3.24473 3
3.24751 2
3.25028 1
3.25422 2
3.25524 1
3.25802 0
3.26422 1
3.26422 0
3.27422 1
3.27422 0
3.28422 1
3.28422 0
3.29422 1
3.29422 0
3.30422 1
3.30422 0
3.30478 1
3.30714 2
3.30918 1
3.3095 2
3.31186 3
3.31195 2
3.31422 3
3.31422 4
3.31473 3
3.31658 4
3.31751 3
3.31894 4
3.32028 3
3.3213 4
3.32366 5
3.32422 6
3.32524 5
3.32602 6
3.32802 5
3.32838 6
3.33074 7
3.33079 6
3.33357 5
3.33422 6
3.33635 5
3.33912 4
3.34408 3
3.34422 4
3.34686 3
3.34964 2
3.35241 1
3.35422 2
3.35737 1
3.36233 0
3.36422 1
3.36729 0
3.37422 1
3.37422 0
3.37756 1
3.37918 0
3.37992 1
3.38195 0
3.38228 1
3.38422 2
3.38464 3
3.38473 2
3.387 3
3.38751 2
3.38936 3
3.39172 4
3.39247 3
3.39408 4
3.39422 5
3.39524 4
3.39644 5
3.39802 4
3.3988 5
3.40079 4
3.40116 5
3.40352 6
3.40357 5
3.40422 6
3.40635 5
3.40969 6
3.41131 5
3.41205 6
3.41408 5
3.41422 6
3.41441 7
3.41677 8
3.41686 7
3.41913 8
3.41964 7
3.42241 6
3.42422 7
3.42737 6
3.43015 5
3.43293 4
3.43422 5
3.43789 4
3.44066 3
3.44344 2
3.44422 3
3.44622 2
3.44756 3
3.44992 4
3.45118 3
3.45422 4
3.45614 3
3.45807 4
3.46043 5
3.4611 4
3.46362 5
3.46387 4
3.46422 5
3.46598 6
3.46665 5
3.46918 6
3.47154 7
3.47161 6
3.47422 7
3.47439 6
3.47716 5
3.47969 6
3.47994 5
3.48205 6
3.48422 7
3.4849 6
3.48524 7
3.4876 8
3.48767 7
3.49045 6
3.49323 5
3.49422 6
3.49576 7
3.49812 8
3.49819 7
3.50096 6
3.50374 5
3.50422 6
3.50627 7
3.50863 8
3.5087 7
3.51148 6
3.51422 7
3.51425 6
3.51921 5
3.52199 4
3.52422 5
3.52477 4
3.5267 5
3.52906 6
3.52973 5
3.5325 4
3.53422 5
3.53528 4
3.53722 5
3.53958 6
3.54024 5
3.54277 6
3.54422 7
3.54513 8
3.5452 7
3.54798 6
3.55075 5
3.55328 6
3.55422 7
3.55564 8
3.55571 7
3.558 8
3.55849 7
3.56127 6
3.56379 7
3.56404 6
3.56422 7
3.56615 8
3.569 7
3.57178 6
3.57422 7
3.57431 8
3.57455 7
3.57667 8
3.57951 7
3.58229 6
3.58422 7
3.58482 8
3.58507 7
3.58718 8
3.58784 7
3.5928 6
3.59422 7
3.59533 8
3.59558 7
3.59769 8
3.60054 7
3.60332 6
3.60422 7
3.60609 6
3.61081 7
3.61105 6
3.61317 7
3.61383 6
3.61422 7
3.61661 6
3.62132 7
3.62157 6
3.62368 7
3.62422 8
3.62434 7
3.62687 8
3.62712 7
3.62923 8
3.63208 7
3.63422 8
3.63486 7
3.63738 8
3.63763 7
3.63974 8
3.64259 7
3.64422 8
3.64537 7
3.6479 8
3.64815 7
3.65026 8
3.65311 7
3.65422 8
3.65588 7
3.65841 8
3.65866 7
3.66077 8
3.66362 7
3.66422 8
3.66639 7
3.66892 8
3.66917 7
3.67128 8
3.67413 7
3.67422 8
3.67691 7
3.67944 8
3.67968 7
3.6818 8
3.68422 9
3.68464 8
3.68742 7
3.68995 8
3.6902 7
3.69231 8
3.69422 9
3.69516 8
3.69793 7
3.70046 8
3.70071 7
3.70282 8
3.70422 9
3.70567 8
3.70845 7
3.71098 8
3.71122 7
3.71334 8
3.71422 9
3.71618 8
3.71896 7
3.72149 8
3.72174 7
3.72385 8
3.72422 9
3.7267 8
3.72947 7
3.732 8
3.73225 7
3.73422 8
3.73436 9
3.73721 8
3.73999 7
3.74251 8
3.74276 7
3.74422 8
3.74487 9
3.74772 8
3.7505 7
3.75303 8
3.75327 7
3.75422 8
3.75539 9
3.75823 8
3.76101 7
3.76354 8
3.76422 9
3.7659 10
3.76597 9
3.76875 8
3.77152 7
3.77405 8
3.77422 9
3.77641 10
3.77648 9
3.77926 8
3.78204 7
3.78422 8
3.78457 9
3.78693 10
3.787 9
3.78977 8
3.79255 7
3.79422 8
3.79508 9
3.79744 10
3.79751 9
3.80029 8
3.80306 7
3.80422 8
3.80559 9
3.80795 10
3.80802 9
3.8108 8
3.81422 9
3.81576 8
3.8161 9
3.81846 10
3.81854 9
3.82131 8
3.82422 9
3.82627 8
3.82905 7
3.83158 8
3.83183 7
3.83394 8
3.83422 9
3.83679 8
3.83956 7
3.84209 8
3.84234 7
3.84422 8
3.84445 9
3.8473 8
3.85007 7
3.8526 8
3.85285 7
3.85422 8
3.85496 9
3.85781 8
3.86059 7
3.86312 8
3.86336 7
3.86422 8
3.86548 9
3.86832 8
3.8711 7
3.87363 8
3.87422 9
3.87599 10
3.87606 9
3.87884 8
3.88161 7
3.88414 8
3.88422 9
3.8865 10
3.88657 9
3.88935 8
3.89213 7
3.89422 8
3.89466 9
3.89702 10
3.89709 9
3.89986 8
3.90264 7
3.90422 8
3.90517 9
3.90753 10
3.9076 9
3.90989 10
3.91038 9
3.91315 8
3.91422 9
3.91568 10
3.91811 9
3.91811 10
3.92089 9
3.92422 10
3.92585 9
3.92619 10
3.92863 9
3.92863 10
3.9314 9
3.93422 10
3.93636 9
3.93914 8
3.94167 9
3.94191 8
3.94403 9
3.94422 10
3.94469 9
3.94965 8
3.95218 9
3.95243 8
3.95422 9
3.95454 10
3.9552 9
3.96016 8
3.96269 9
3.96294 8
3.96422 9
3.96505 10
3.96572 9
3.97068 8
3.97321 9
3.97345 8
3.97422 9
3.97557 10
3.97623 9
3.98119 8
3.98372 9
3.98397 8
3.98422 9
3.98608 10
3.98893 9
3.9917 8
3.99422 9
3.99423 10
3.99448 9
3.99659 10
3.99944 9
4.00222 8
4.00422 9
4.00474 10
4.00499 9
4.0071 10
4.00995 9
4.01273 8
4.01422 9
4.01526 10
4.01551 9
4.01762 10
4.02047 9
4.02324 8
4.02422 9
4.02577 10
4.0282 9
4.0282 10
4.03098 9
4.03375 8
4.03422 9
4.03628 10
4.03871 9
4.03871 10
4.04149 9
4.04422 10
4.04427 9
4.0468 10
4.04923 9
4.04923 10
4.052 9
4.05422 10
4.05478 9
4.05731 10
4.05974 9
4.05974 10
4.06252 9
4.06422 10
4.06529 9
4.06782 10
4.07025 9
4.07025 10
4.07303 9
4.07422 10
4.07581 9
4.07834 10
4.08077 9
4.08077 10
4.08354 9
4.08422 10
4.08632 9
4.09128 8
4.09381 9
4.09406 8
4.09422 9
4.09617 10
4.09683 9
4.10179 8
4.10422 9
4.10432 10
4.10457 9
4.10668 10
4.10735 9
4.10904 10
4.11231 9
4.11422 10
4.11508 9
4.11508 10
4.11786 9
4.11786 10
4.12282 9
4.12422 10
4.12559 9
4.12559 10
4.13055 9
4.13055 10
4.13333 9
4.13422 10
4.13829 9
4.13829 10
4.14107 9
4.14107 10
4.14384 9
4.14422 10
4.14662 9
4.14662 10
4.15158 9
4.15158 10
4.15436 9
4.15436 10
4.15713 9
4.15713 10
4.16209 9
4.16209 10
4.16487 9
4.16487 10
4.16765 9
4.16765 10
4.17261 9
4.17261 10
4.17538 9
4.17538 10
4.17816 9
4.17816 10
4.18312 9
4.18312 10
4.1859 9
4.1859 10
4.18867 9
4.18867 10
4.19363 9
4.19363 10
4.19641 9
4.19641 10
4.19919 9
4.2039 10
4.20415 9
4.20422 10
4.20692 9
4.20692 10
4.2097 9
4.2097 10
4.21466 9
4.21466 10
4.21743 9
4.21743 10
4.22021 9
4.22021 10
4.22517 9
4.22517 10
4.22795 9
4.22795 10
4.23072 9
4.23072 10
4.23568 9
4.23568 10
4.23846 9
4.23846 10
4.24342 9
4.24342 10
4.2462 9
4.2462 10
4.24897 9
4.24897 10
4.25175 9
4.25175 10
4.25671 9
4.25671 10
4.25949 9
4.25949 10
4.26226 9
4.26226 10
4.26722 9
4.26722 10
4.27 9
4.27 10
4.27278 9
4.27278 10
4.27774 9
4.27774 10
4.28051 9
4.28051 10
4.28329 9
4.28329 10
4.28825 9
4.28825 10
4.29103 9
4.29103 10
4.29599 9
4.29599 10
4.29876 9
4.29876 10
4.30154 9
4.30154 10
4.30431 9
4.30431 10
4.30927 9
4.30927 10
4.31205 9
4.31205 10
4.31701 9
4.31701 10
4.31979 9
4.31979 10
4.32256 9
4.32256 10
4.32752 9
4.32752 10
4.3303 9
4.3303 10
4.33308 9
4.33308 10
4.33804 9
4.33804 10
4.34081 9
4.34081 10
4.34359 9
4.34359 10
4.34855 9
4.34855 10
4.35133 9
4.35133 10
4.3541 9
4.3541 10
4.35688 9
4.35688 10
4.36184 9
4.36184 10
4.3668 9
4.3668 10
4.36958 9
4.36958 10
4.37235 9
4.37235 10
4.37731 9
4.37731 10
4.38009 9
4.38009 10
4.38287 9
4.38287 10
4.38564 9
4.38564 10
4.3906 9
4.3906 10
4.39338 9
4.39338 10
4.39834 9
4.39834 10
4.40111 9
4.40111 10
4.40607 9
4.40607 10
4.40885 9
4.40885 10
4.41163 9
4.41163 10
4.4144 9
4.4144 10
4.41936 9
4.41936 10
4.42214 9
4.42214 10
4.42492 9
4.42492 10
4.42769 9
4.42769 10
4.43265 9
4.43265 10
4.43761 9
4.43761 10
4.44039 9
4.44039 10
4.44317 9
4.44317 10
4.44813 9
4.44813 10
4.4509 9
4.4509 10
4.45368 9
4.45368 10
4.45646 9
4.45646 10
4.46142 9
4.46142 10
4.46638 9
4.46638 10
4.46915 9
4.46915 10
4.47193 9
4.47193 10
4.47689 9
4.47689 10
4.47967 9
4.47967 10
4.48244 9
4.48244 10
4.48522 9
4.48522 10
4.49018 9
4.49018 10
4.49295 9
4.49295 10
4.49573 9
4.49573 10
4.50069 9
4.50069 10
4.50565 9
4.50565 10
4.50843 9
4.50843 10
4.5112 9
4.5112 10
4.51398 9
4.51398 10
4.51894 9
4.51894 10
4.52172 9
4.52172 10
4.52449 9
4.52449 10
4.52945 9
4.52945 10
4.53223 9
4.53223 10
4.53719 9
4.53719 10
4.53997 9
4.53997 10
4.54274 9
4.54527 10
4.5477 9
4.5477 10
4.55048 9
4.55326 8
4.55579 9
4.55603 8
4.55815 9
4.55881 8
4.56159 7
4.56436 6
4.56714 5
4.56991 4
4.57126 5
4.57269 4
4.57362 5
4.57547 4
4.57681 5
4.57824 4
4.57917 5
4.58102 4
4.5838 3
4.58657 2
4.58732 3
4.58935 2
4.58968 3
4.59213 2
4.5949 1
4.59768 0
4.6028 1
4.6028 0
4.60516 1
4.60557 0
4.61331 1
4.61331 0
4.61567 1
4.61609 0
4.61886 1
4.61886 0
4.62122 1
4.62164 0
4.62442 1
4.62442 0
4.62678 1
4.62719 0
4.62997 1
4.62997 0
4.63233 1
4.63275 0
4.63552 1
4.63552 0
4.63788 1
4.6383 0
4.64107 1
4.64107 0
4.64343 1
4.64385 0
4.64663 1
4.64663 0
4.64899 1
4.6494 0
4.65218 1
4.65218 0
4.65454 1
4.65496 0
4.65773 1
4.65773 0
4.66009 1
4.66051 0
4.66329 1
4.66329 0
4.66565 1
4.66606 0
4.67118 1
4.67118 0
4.67354 1
4.67396 0
4.68169 1
4.68169 0
4.68405 1
4.68447 0
4.68641 1
4.68725 0
4.68877 1
4.69002 0
4.69113 1
4.6928 0
4.69349 1
4.69558 0
4.69585 1
4.69835 2
4.69835 1
4.70071 2
4.70113 1
4.7039 2
4.7039 1
4.70626 2
4.70668 1
4.70946 2
4.70946 1
4.71182 2
4.71223 1
4.71501 2
4.71501 1
4.71737 2
4.71779 1
4.72056 2
4.72056 1
4.72292 2
4.72334 1
4.72612 2
4.72612 1
4.72848 2
4.72889 1
4.73167 2
4.73167 1
4.73403 2
4.73445 1
4.73722 0
4.73956 1
4.74 0
4.74192 1
4.74278 0
4.75008 1
4.75008 0
4.75244 1
4.75285 0
4.75563 1
4.75563 0
4.75799 1
4.75841 0
4.76118 1
4.76118 0
4.76354 1
4.76396 0
4.76673 1
4.76673 0
4.76909 1
4.76951 0
4.77229 1
4.77229 0
4.77465 1
4.77506 0
4.77784 1
4.77784 0
4.7802 1
4.78062 0
4.78339 1
4.78339 0
4.78575 1
4.78617 0
4.78895 1
4.78895 0
4.79131 1
4.79172 0
4.7945 1
4.7945 0
4.79686 1
4.79728 0
4.80005 1
4.80005 0
4.80241 1
4.80283 0
4.80561 1
4.80561 0
4.80797 1
4.80838 0
4.81568 1
4.81568 0
4.81804 1
4.81846 0
4.8204 1
4.82124 0
4.82276 1
4.82401 0
4.82512 1
4.82679 0
4.82748 1
4.82956 0
4.82984 1
4.83234 2
4.83234 1
4.8347 2
4.83512 1
4.83789 2
4.83789 1
4.84025 2
4.84067 1
4.84345 2
4.84345 1
4.84581 2
4.84622 1
4.849 2
4.849 1
4.85136 2
4.85178 1
4.85455 2
4.85455 1
4.85691 2
4.85733 1
4.86011 2
4.86011 1
4.86247 2
4.86288 1
4.86566 2
4.86566 1
4.86802 2
4.86844 1
4.87121 2
4.87121 1
4.87357 2
4.87399 1
4.87676 0
4.88129 1
4.88129 0
4.88365 1
4.88407 0
4.88684 1
4.88684 0
4.8892 1
4.88962 0
4.89239 1
4.89239 0
4.89475 1
4.89517 0
4.89795 1
4.89795 0
4.90031 1
4.90072 0
4.9035 1
4.9035 0
4.90586 1
4.90628 0
4.90905 1
4.90905 0
4.91141 1
4.91183 0
4.91461 1
4.91461 0
4.91697 1
4.91738 0
4.92016 1
4.92016 0
4.92252 1
4.92294 0
4.92571 1
4.92571 0
4.92807 1
4.92849 0
4.93127 1
4.93127 0
4.93363 1
4.93404 0
4.93682 1
4.93682 0
4.93905 1
4.93959 0
