0.596362 4288
0.604099 4288
0.606875 4288
0.609652 4288
0.612428 4288
0.620165 4288
0.622941 4288
0.625718 4288
0.628494 4288
0.636231 4288
0.661969 4288
0.664745 4288
0.672482 4288
0.675258 4288
0.682995 4288
0.685771 4288
0.688548 4288
0.691324 4288
0.694101 4288
0.701837 4288
0.704614 4288
0.70739 4288
0.710167 4288
0.717903 4288
0.72068 4288
0.723456 4288
0.726232 4288
0.733969 4288
0.746665 4288
0.749442 4288
0.752218 4288
0.754995 4288
0.762731 4288
0.765508 4288
0.768284 4288
0.771061 4288
0.778797 4288
0.781574 4288
0.78435 4288
0.787127 4288
0.794863 4288
0.79764 4288
0.805376 4288
0.808152 4288
0.810929 4288
0.818665 4288
0.821442 4288
0.829178 4288
0.836915 4288
0.839691 4288
0.847428 4288
0.850204 4288
0.857941 4288
0.860717 4288
0.863494 4288
0.87123 4288
0.878967 4288
0.886703 4288
0.88948 4288
0.892256 4288
0.899992 4288
0.902769 4288
1.26735 85760
1.39291 42880
1.45322 47168
1.50578 42880
1.54228 38592
1.56331 34304
1.58929 30016
1.60536 34304
1.63134 30016
1.64741 25728
1.67062 21440
1.68887 30016
1.70493 21440
1.71545 25728
1.73092 21440
1.75968 21440
1.78348 17152
1.80451 12864
1.81502 21440
1.84379 17152
1.86977 17152
1.88584 12864
1.90131 17152
1.92789 12864
1.94336 17152
1.9511 12864
1.95665 17152
1.97212 12864
1.97986 12864
1.98541 17152
3.05195 25728
3.12195 64320
3.12473 34304
3.19195 21440
3.19473 12864
3.19751 424512
3.20028 4288
3.26195 4288
3.26473 4288
3.26751 4288
3.27028 4288
3.27802 4288
3.33195 4288
3.33473 4288
3.33751 4288
3.34028 4288
3.34802 4288
3.35079 4288
3.35357 4288
3.35635 4288
3.35912 4288
3.36686 4288
3.36964 4288
3.37241 4288
3.40195 4288
3.40473 4288
3.40751 4288
3.41524 4288
3.41802 4288
3.42079 4288
3.42357 4288
3.42635 4288
3.43408 4288
3.43686 4288
3.43964 4288
3.44241 4288
3.45015 4288
3.45293 4288
3.46066 4288
3.46344 4288
3.46622 4288
3.48387 4288
3.48665 4288
3.49439 4288
3.49716 4288
3.49994 4288
3.50767 4288
3.51045 4288
3.51323 4288
3.52096 4288
3.52374 4288
3.53148 4288
3.53425 4288
3.54199 4288
3.54477 4288
3.5525 4288
3.55528 4288
3.56798 4288
3.57075 4288
3.57849 4288
3.58127 4288
3.58404 4288
3.59178 4288
3.59455 4288
3.60229 4288
3.60507 4288
3.60784 4288
3.61558 4288
3.62332 4288
3.62609 4288
3.63383 4288
3.63661 4288
3.64434 4288
3.64712 4288
3.65486 4288
3.65763 4288
3.66537 4288
3.66815 4288
3.67588 4288
3.67866 4288
3.68639 4288
3.68917 4288
3.69691 4288
3.69968 4288
3.70742 4288
3.7102 4288
3.71793 4288
3.72071 4288
3.72845 4288
3.73122 4288
3.73896 4288
3.74174 4288
3.74947 4288
3.75225 4288
3.75999 4288
3.76276 4288
3.7705 4288
3.77327 4288
3.78101 4288
3.78875 4288
3.79152 4288
3.79926 4288
3.80204 4288
3.80977 4288
3.81255 4288
3.82029 4288
3.82306 4288
3.8308 4288
3.83854 4288
3.84131 4288
3.84905 4288
3.85183 4288
3.85956 4288
3.86234 4288
3.87007 4288
3.87285 4288
3.88059 4288
3.88336 4288
3.8911 4288
3.89884 4288
3.90161 4288
3.90935 4288
3.91213 4288
3.91986 4288
3.92264 4288
3.93038 4288
3.93315 4288
3.94089 4288
3.94863 4288
3.9514 4288
3.95914 4288
3.96191 4288
3.96469 4288
3.97243 4288
3.9752 4288
3.98294 4288
3.98572 4288
3.99345 4288
3.99623 4288
4.00397 4288
4.0117 4288
4.01448 4288
4.02222 4288
4.02499 4288
4.03273 4288
4.03551 4288
4.04324 4288
4.05098 4288
4.05375 4288
4.06149 4288
4.06427 4288
4.072 4288
4.07478 4288
4.08252 4288
4.08529 4288
4.09303 4288
4.09581 4288
4.10354 4288
4.10632 4288
4.11406 4288
4.11683 4288
4.12457 4288
4.12735 4288
4.13508 4288
4.13786 4288
4.14559 4288
4.15333 4288
4.16107 4288
4.16384 4288
4.16662 4288
4.17436 4288
4.17713 4288
4.18487 4288
4.18765 4288
4.19538 4288
4.19816 4288
4.2059 4288
4.20867 4288
4.21641 4288
4.21919 4288
4.22692 4288
4.2297 4288
4.23743 4288
4.24021 4288
4.24795 4288
4.25072 4288
4.25846 4288
4.2662 4288
4.26897 4288
4.27175 4288
4.27949 4288
4.28226 4288
4.29 4288
4.29278 4288
4.30051 4288
4.30329 4288
4.31103 4288
4.31876 4288
4.32154 4288
4.32431 4288
4.33205 4288
4.33979 4288
4.34256 4288
4.3503 4288
4.35308 4288
4.36081 4288
4.36359 4288
4.37133 4288
4.3741 4288
4.37688 4288
4.38958 4288
4.39235 4288
4.40009 4288
4.40287 4288
4.40564 4288
4.41338 4288
4.42111 4288
4.42885 4288
4.43163 4288
4.4344 4288
4.44214 4288
4.44492 4288
4.44769 4288
4.46039 4288
4.46317 4288
4.4709 4288
4.47368 4288
4.47646 4288
4.48915 4288
4.49193 4288
4.49967 4288
4.50244 4288
4.50522 4288
4.51295 4288
4.51573 4288
4.52843 4288
4.5312 4288
4.53398 4288
4.54172 4288
4.54449 4288
4.55223 4288
4.55997 4288
4.56274 4288
4.57048 4288
4.57326 4288
4.57603 4288
4.57881 4288
4.58159 4288
4.58436 4288
4.58714 4288
4.58991 4288
4.59269 4288
4.59547 4288
4.59824 4288
4.60102 4288
4.6038 4288
4.60657 4288
4.60935 4288
4.61213 4288
4.6149 4288
4.61768 4288
4.62046 4288
4.62557 4288
4.62835 4288
4.63609 4288
4.63886 4288
4.64164 4288
4.64442 4288
4.64719 4288
4.64997 4288
4.65275 4288
4.65552 4288
4.6583 4288
4.66107 4288
4.66385 4288
4.66663 4288
4.6694 4288
4.67218 4288
4.67496 4288
4.67773 4288
4.68051 4288
4.68329 4288
4.68606 4288
4.68884 4288
4.69396 4288
4.69673 4288
4.70447 4288
4.70725 4288
4.71002 4288
4.7128 4288
4.71558 4288
4.71835 4288
4.72113 4288
4.7239 4288
4.72668 4288
4.72946 4288
4.73223 4288
4.73501 4288
4.73779 4288
4.74056 4288
4.74334 4288
4.74612 4288
4.74889 4288
4.75167 4288
4.75445 4288
4.75722 4288
4.76 4288
4.76278 4288
4.76555 4288
4.77285 4288
4.77563 4288
4.77841 4288
4.78118 4288
4.78396 4288
4.78673 4288
4.78951 4288
4.79229 4288
4.79506 4288
4.79784 4288
4.80062 4288
4.80339 4288
4.80617 4288
4.80895 4288
4.81172 4288
4.8145 4288
4.81728 4288
4.82005 4288
4.82283 4288
4.82561 4288
4.82838 4288
4.83116 4288
4.83846 4288
4.84124 4288
4.84401 4288
4.84679 4288
4.84956 4288
4.85234 4288
4.85512 4288
4.85789 4288
4.86067 4288
4.86345 4288
4.86622 4288
4.869 4288
4.87178 4288
4.87455 4288
4.87733 4288
4.88011 4288
4.88288 4288
4.88566 4288
4.88844 4288
4.89121 4288
4.89399 4288
4.89676 4288
4.89954 4288
4.90407 4288
4.90684 4288
4.90962 4288
4.91239 4288
4.91517 4288
4.91795 4288
4.92072 4288
4.9235 4288
4.92628 4288
4.92905 4288
4.93183 4288
4.93461 4288
4.93738 4288
4.94016 4288
4.94294 4288
4.94571 4288
4.94849 4288
4.95127 4288
4.95404 4288
4.95682 4288
4.95959 4288
4.96222 4032
